17
47
67
83
86
92
101
120
122
137
146
156
158
172
185
205
210
240
241
264
276
287
328
334
337
346
348
349
350
427
429
447
470
474
481
500
517
519
520
528
539
540
553
561
564
597
605
611
623
626
666
681
686
688
713
721
728
763
779
791
793
794
802
807
818
819
846
867
871
899
906
913
915
918
925
938
955
956
983
1029
1032
1047
1072
1077
1078
1095
1128
1217
1230
1236
1264
1266
1268
1275
1293
1299
1312
1318
1347
1358
1373
1383
1396
1401
1407
1417
1418
1427
1431
1436
1445
1451
1453
1459
1491
1522
1551
1558
1602
1621
1625
1628
1663
1669
1688
1782
1802
1809
1811
1844
1846
1860
1892
1916
1917
1928
1937
1946
1966
1986
2000
2005
2017
2018
2022
2031
2043
2057
2067
2074
2084
2096
2120
2140
2152
2180
2184
2195
2217
2220
2241
2242
2248
2263
2264
2286
2289
2291
2295
2310
2325
2328
2351
2363
2366
2380
2381
2418
2449
2494
2505
2538
2558
2600
2628
2630
2649
2654
2673
2674
2684
2701
2710
2736
2739
2741
2764
2773
2776
2777
2785
2796
2831
2860
2872
2875
2885
2892
2897
2969
2974
2985
2988
2990
2995
2998
3000
3005
3031
3032
3037
3038
3049
3051
3056
3067
3069
3070
3095
3118
3133
3137
3141
3156
3162
3170
3227
3241
3289
3301
3304
3306
3314
3353
3380
3382
3387
3403
3415
3416
3417
3430
3459
3465
3468
3474
3481
3483
3495
3513
3521
3528
3533
3558
3573
3577
3597
3639
3642
3643
3644
3645
3652
3657
3659
3661
3693
3699
3704
3706
3722
3725
3753
3758
3762
3765
3804
3812
3822
3826
3830
3831
3832
3882
3889
3898
3900
3912
3933
3956
3977
3995
3999
4036
4045
4048
4057
4058
4062
4076
4080
4089
4091
4093
4106
4117
4120
4136
4143
4145
4181
4183
4216
4226
4227
4242
4243
4251
4268
4298
4313
4329
4331
4359
4361
4398
4400
4408
4421
4426
4427
4436
4441
4449
4480
4491
4495
4516
4524
4550
4562
4569
4600
4603
4610
4614
4624
4629
4633
4643
4657
4664
4698
4727
4766
4788
4791
4816
4818
4862
4865
4885
4898
4901
4931
4945
4946
4947
4957
4968
5023
5035
5046
5047
5053
5076
5081
5088
5089
5092
5103
5149
5155
5162
5180
5189
5209
5255
5292
5300
5329
5341
5349
5351
5373
5377
5383
5388
5398
5399
5423
5434
5449
5454
5468
5478
5482
5495
5514
5519
5520
5536
5539
5586
5587
5628
5633
5649
5650
5662
5665
5669
5690
5695
5702
5704
5739
5760
5766
5804
5810
5815
5820
5837
5857
5859
5865
5867
5935
5940
5958
5962
5969
5981
6047
6073
6083
6091
6142
6171
6190
6203
6206
6217
6224
6227
6251
6255
6258
6286
6300
6306
6327
6372
6397
6411
6433
6446
6451
6464
6465
6468
6481
6482
6486
6487
6500
6512
6521
6538
6541
6548
6569
6592
6605
6636
6640
6641
6652
6656
6663
6666
6668
6702
6705
6711
6728
6803
6807
6817
6840
6851
6853
6879
6897
6902
6904
6936
6958
6968
6972
6995
7002
7041
7056
7059
7066
7087
7090
7095
7102
7118
7128
7135
7136
7149
7156
7163
7170
7188
7194
7257
7276
7350
7394
7409
7417
7420
7428
7446
7465
7469
7470
7489
7520
7528
7535
7544
7562
7576
7603
7624
7633
7642
7684
7696
7698
7707
7726
7732
7734
7737
7749
7777
7778
7794
7798
7830
7854
7858
7864
7888
7900
7921
7922
7941
7960
7984
7986
8005
8014
8024
8040
8068
8088
8104
8115
8160
8166
8171
8178
8180
8198
8215
8222
8239
8250
8257
8264
8275
8282
8306
8313
8320
8339
8342
8349
8353
8367
8408
8409
8416
8425
8427
8441
8442
8457
8476
8480
8494
8497
8507
8522
8554
8558
8566
8571
8572
8578
8607
8613
8632
8639
8658
8687
8690
8696
8698
8733
8767
8786
8789
8818
8831
8835
8842
8859
8863
8875
8882
8886
8888
8913
8943
8947
8956
8967
8968
8978
8986
8988
9008
9010
9017
9115
9139
9146
9148
9151
9168
9174
9185
9219
9221
9228
9245
9280
9282
9293
9315
9326
9374
9390
9394
9396
9405
9416
9436
9456
9466
9468
9490
9496
9504
9516
9520
9543
9562
9567
9597
9623
9665
9676
9681
9710
9720
9729
9745
9769
9805
9806
9808
9815
9817
9823
9848
9855
9856
9866
9896
9904
9910
9924
9935
9944
10001
10064
10078
10079
10081
10108
10136
10154
10163
10167
10181
10195
10204
10208
10221
10237
10244
10258
10274
10287
10300
10308
10311
10352
10363
10370
10392
10408
10429
10455
10464
10474
10479
10509
10559
10573
10623
10636
10642
10643
10646
10655
10670
10695
10702
10728
10729
10738
10741
10753
10763
10766
10772
10773
10793
10803
10812
10823
10828
10829
10830
10839
10848
10849
10887
10941
10961
10978
10990
11000
11008
11066
11070
11078
11096
11112
11113
11160
11165
11174
11176
11209
11231
11258
11278
11281
11305
11328
11363
11390
11397
11427
11450
11464
11471
11476
11477
11483
11502
11524
11539
11541
11569
11573
11604
11611
11626
11640
11669
11680
11686
11710
11720
11727
11759
11761
11766
11796
11797
11805
11880
11892
11896
11932
11940
11942
11943
11950
11966
11992
12014
12017
12069
12070
12085
12087
12100
12119
12133
12135
12136
12137
12164
12175
12179
12190
12209
12238
12242
12253
12269
12282
12284
12299
12306
12318
12338
12346
12358
12396
12400
12410
12415
12434
12463
12468
12480
12482
12483
12486
12493
12503
12529
12570
12582
12591
12592
12593
12611
12620
12633
12641
12643
12650
12659
12683
12690
12720
12739
12759
12774
12782
12786
12802
12804
12815
12818
12819
12825
12826
12829
12859
12865
12868
12884
12909
12929
12934
12956
12980
13004
13006
13025
13051
13085
13087
13118
13141
13151
13160
13173
13184
13188
13212
13245
13255
13256
13262
13263
13269
13274
13275
13288
13322
13349
13351
13361
13362
13364
13374
13379
13398
13437
13454
13458
13481
13548
13591
13595
13615
13634
13636
13707
13726
13738
13744
13748
13750
13755
13762
13779
13802
13827
13844
13852
13857
13871
13880
13899
13911
13927
13953
13954
13999
14002
14013
14017
14019
14032
14044
14056
14060
14112
14142
14160
14162
14175
14207
14218
14226
14240
14257
14281
14282
14285
14308
14332
14334
14352
14372
14387
14407
14420
14424
14457
14460
14472
14474
14501
14506
14509
14523
14528
14531
14537
14541
14556
14587
14606
14609
14629
14633
14636
14689
14709
14762
14768
14769
14778
14790
14802
14814
14817
14827
14830
14840
14856
14904
14906
14910
14911
14931
14940
14957
14968
14975
15012
15023
15037
15040
15060
15073
15084
15086
15111
15126
15130
15182
15190
15197
15199
15212
15226
15227
15230
15238
15292
15303
15313
15320
15324
15335
15367
15370
15394
15403
15424
15429
15472
15490
15492
15500
15520
15521
15533
15534
15535
15545
15548
15566
15569
15623
15645
15655
15665
15671
15726
15734
15748
15750
15763
15766
15775
15785
15799
15803
15830
15839
15846
15878
15887
15889
15901
15906
15910
15911
15941
15958
15962
15976
15982
15985
15993
15995
16010
16016
16033
16041
16070
16092
16095
16099
16118
16122
16143
16148
16155
16173
16205
16227
16231
16237
16265
16299
16304
16306
16309
16315
16336
16387
16388
16404
16406
16417
16454
16459
16503
16509
16513
16527
16533
16537
16567
16568
16574
16580
16617
16644
16670
16691
16705
16712
16719
16770
16784
16791
16792
16799
16804
16817
16818
16820
16866
16876
16883
16887
16895
16933
16938
16947
16949
16952
16954
16961
16973
16981
16983
16999
17004
17007
17025
17027
17034
17041
17048
17060
17080
17081
17090
17108
17109
17135
17167
17181
17195
17208
17224
17271
17285
17290
17304
17305
17342
17361
17362
17379
17393
17400
17401
17403
17414
17424
17432
17437
17451
17452
17454
17482
17521
17534
17555
17562
17573
17575
17579
17611
17628
17643
17669
17696
17706
17712
17713
17726
17745
17809
17819
17841
17844
17935
17940
17944
17955
17972
17980
17981
17993
18015
18033
18065
18068
18078
18091
18096
18110
18142
18148
18166
18179
18180
18203
18204
18207
18211
18233
18240
18242
18256
18268
18274
18279
18280
18282
18298
18302
18307
18339
18360
18409
18420
18422
18427
18431
18444
18453
18465
18475
18491
18503
18545
18549
18554
18582
18585
18595
18596
18631
18637
18646
18660
18669
18671
18686
18697
18703
18750
18778
18780
18801
18816
18845
18849
18859
18865
18874
18884
18887
18924
18931
18942
18945
18946
18951
18973
18974
18986
18994
19002
19033
19039
19052
19059
19063
19113
19117
19145
19155
19187
19192
19217
19223
19229
19257
19262
19275
19301
19340
19343
19351
19354
19356
19368
19377
19415
19441
19452
19458
19469
19490
19498
19508
19514
19522
19593
19609
19616
19687
19689
19701
19708
19732
19742
19751
19773
19774
19786
19845
19847
19848
19864
19887
19891
19907
19914
19928
19952
19953
19980
20021
20038
20049
20056
20080
20083
20126
20152
20154
20160
20173
20176
20190
20214
20216
20260
20263
20277
20312
20316
20332
20367
20388
20391
20414
20437
20441
20465
20469
20471
20479
20485
20495
20505
20549
20554
20574
20594
20601
20612
20647
20668
20673
20685
20689
20708
20714
20717
20730
20735
20736
20737
20770
20775
20779
20781
20793
20819
20832
20871
20894
20937
20957
20963
20967
20973
20990
20999
21001
21021
21036
21040
21050
21057
21059
21069
21074
21075
21102
21103
21116
21133
21150
21152
21158
21191
21228
21239
21244
21250
21282
21289
21294
21295
21305
21341
21347
21375
21380
21389
21391
21413
21416
21420
21421
21454
21481
21484
21537
21543
21547
21564
21577
21589
21600
21637
21669
21682
21706
21711
21755
21758
21766
21772
21783
21790
21796
21815
21838
21844
21871
21889
21909
21915
21936
21949
21955
21956
21970
21986
21995
22001
22005
22007
22017
22018
22022
22023
22037
22052
22056
22060
22063
22075
22084
22096
22098
22102
22111
22117
22126
22128
22137
22199
22209
22226
22276
22278
22285
22291
22310
22313
22314
22333
22341
22350
22355
22365
22384
22412
22418
22440
22461
22468
22494
22541
22546
22549
22550
22571
22581
22598
22605
22607
22618
22627
22652
22660
22683
22695
22706
22710
22736
22753
22754
22759
22761
22777
22782
22796
22807
22818
22823
22828
22830
22846
22860
22872
22873
22882
22889
22893
22933
22943
22947
22965
22977
22980
22984
22999
23009
23040
23071
23091
23094
23103
23110
23122
23127
23142
23149
23206
23218
23223
23228
23241
23258
23259
23276
23305
23324
23355
23364
23366
23435
23479
23488
23499
23501
23507
23512
23516
23520
23529
23550
23583
23598
23603
23612
23666
23678
23682
23686
23689
23694
23710
23730
23736
23757
23772
23804
23805
23827
23830
23833
23843
23855
23858
23864
23868
23871
23873
23882
23897
23899
23904
23917
23942
23956
23971
23975
24010
24043
24065
24091
24106
24147
24148
24150
24156
24169
24221
24233
24252
24266
24272
24274
24301
24307
24345
24373
24421
24465
24477
24503
24514
24526
24541
24560
24594
24608
24611
24630
24658
24715
24724
24742
24754
24766
24782
24817
24833
24848
24868
24909
24927
24940
24951
24996
25017
25029
25032
25104
25138
25154
25167
25168
25188
25232
25264
25306
25326
25376
25387
25391
25404
25416
25421
25424
25434
25456
25473
25487
25510
25522
25540
25555
25567
25576
25585
25596
25599
25611
25620
25622
25634
25635
25655
25662
25674
25706
25710
25712
25725
25727
25732
25758
25773
25778
25792
25796
25803
25804
25862
25865
25870
25874
25891
25893
25903
25907
25929
25940
25946
25947
25951
25963
25993
25994
26012
26043
26051
26065
26089
26095
26137
26138
26151
26157
26161
26196
26202
26208
26215
26238
26335
26359
26362
26383
26386
26396
26399
26430
26436
26440
26452
26469
26471
26476
26510
26516
26521
26523
26536
26541
26552
26557
26566
26570
26588
26593
26631
26634
26654
26658
26684
26693
26722
26730
26731
26738
26755
26759
26809
26829
26834
26836
26844
26861
26922
26935
26950
26953
26963
26978
26981
27018
27022
27059
27064
27109
27112
27116
27141
27145
27164
27173
27174
27176
27178
27189
27192
27197
27200
27207
27217
27230
27239
27263
27271
27276
27290
27394
27399
27419
27442
27453
27465
27472
27496
27512
27516
27525
27540
27541
27542
27553
27562
27581
27616
27617
27621
27625
27638
27684
27699
27709
27727
27730
27739
27750
27771
27797
27812
27821
27824
27851
27853
27875
27878
27888
27909
27917
27920
27945
27954
27976
27982
27996
28003
28030
28066
28070
28131
28161
28175
28185
28188
28191
28197
28204
28216
28225
28229
28243
28261
28269
28270
28298
28303
28321
28339
28348
28351
28399
28404
28417
28440
28448
28456
28464
28472
28520
28522
28543
28557
28587
28596
28598
28604
28618
28629
28637
28655
28658
28665
28695
28707
28710
28719
28730
28763
28791
28810
28816
28820
28822
28848
28852
28853
28870
28880
28888
28906
28913
28930
28940
28948
28964
28968
28971
28973
28980
29035
29047
29051
29060
29077
29080
29099
29107
29108
29109
29127
29131
29149
29155
29211
29226
29229
29230
29271
29290
29295
29310
29311
29329
29348
29359
29372
29392
29393
29412
29414
29418
29424
29447
29458
29459
29485
29506
29507
29535
29551
29569
29578
29580
29581
29594
29599
29629
29647
29648
29658
29685
29695
29710
29723
29727
29746
29756
29759
29773
29776
29780
29791
29796
29797
29814
29861
29870
29874
29879
29881
29896
29903
29907
29910
29923
29945
29977
29981
29986
30007
30027
30031
30033
30040
30082
30096
30108
30149
30161
30171
30174
30187
30196
30199
30200
30201
30202
30265
30266
30270
30289
30291
30292
30308
30325
30354
30360
30366
30397
30419
30425
30445
30450
30459
30461
30476
30477
30525
30530
30545
30550
30564
30567
30579
30584
30592
30595
30597
30601
30603
30605
30606
30614
30631
30634
30651
30652
30653
30667
30677
30687
30697
30711
30728
30732
30763
30764
30765
30784
30786
30802
30809
30816
30817
30820
30822
30876
30878
30879
30881
30899
30902
30915
30980
31001
31012
31013
31016
31017
31020
31025
31032
31040
31056
31084
31101
31139
31147
31161
31174
31193
31220
31225
31230
31237
31242
31243
31246
31255
31258
31265
31275
31285
31326
31335
31337
31343
31352
31354
31375
31410
31413
31457
31517
31538
31541
31551
31553
31557
31558
31565
31568
31570
31591
31606
31651
31655
31662
31675
31681
31698
31728
31770
31786
31789
31812
31825
31827
31849
31876
31889
31901
31925
31931
31938
31951
31991
31993
32012
32026
32044
32045
32048
32057
32062
32070
32096
32104
32119
32129
32130
32137
32138
32145
32164
32166
32168
32171
32192
32198
32201
32202
32223
32243
32269
32276
32312
32328
32338
32343
32363
32370
32390
32401
32403
32408
32420
32424
32425
32455
32471
32517
32524
32541
32577
32618
32642
32650
32661
32674
32689
32710
32737
32789
32842
32857
32860
32871
32884
32905
32912
32915
32916
32918
32953
32968
32975
33005
33010
33027
33048
33062
33088
33112
33121
33125
33137
33139
33153
33157
33158
33163
33169
33172
33178
33200
33205
33208
33242
33262
33267
33278
33305
33308
33318
33333
33336
33345
33346
33352
33377
33389
33430
33431
33435
33442
33443
33484
33488
33510
33523
33529
33534
33545
33582
33584
33600
33616
33628
33631
33648
33651
33658
33671
33673
33729
33731
33738
33741
33766
33773
33776
33780
33784
33806
33810
33822
33836
33878
33892
33906
33926
33929
33932
33938
33942
34001
34008
34031
34033
34044
34051
34076
34088
34111
34135
34143
34156
34174
34191
34203
34208
34256
34291
34353
34366
34389
34394
34396
34398
34401
34426
34428
34430
34432
34437
34459
34463
34467
34471
34472
34477
34478
34493
34503
34511
34548
34549
34571
34587
34622
34645
34647
34680
34684
34719
34720
34742
34754
34769
34771
34781
34786
34799
34804
34830
34832
34840
34852
34864
34876
34877
34893
34906
34918
34922
34937
34941
34951
34967
34979
34996
35002
35020
35038
35044
35056
35059
35061
35065
35113
35122
35129
35141
35152
35154
35177
35179
35199
35205
35206
35215
35225
35253
35257
35259
35269
35331
35357
35384
35392
35400
35408
35412
35414
35416
35422
35423
35425
35445
35464
35484
35494
35505
35514
35522
35524
35529
35540
35550
35564
35566
35575
35598
35608
35622
35645
35654
35707
35758
35759
35767
35777
35783
35787
35792
35801
35804
35815
35835
35837
35842
35857
35865
35869
35878
35889
35893
35931
35936
35955
35962
36034
36042
36062
36115
36127
36135
36144
36148
36149
36224
36230
36260
36265
36268
36271
36280
36322
36327
36330
36337
36350
36353
36377
36391
36393
36396
36404
36415
36430
36469
36475
36480
36481
36494
36527
36533
36559
36565
36567
36585
36589
36602
36618
36637
36650
36659
36687
36703
36705
36717
36725
36738
36762
36764
36780
36785
36813
36831
36845
36849
36850
36895
36913
36929
36937
36964
36966
36974
36975
36982
36987
37014
37027
37031
37037
37051
37067
37085
37103
37109
37110
37115
37126
37127
37129
37164
37178
37194
37195
37222
37238
37252
37268
37273
37280
37311
37317
37338
37353
37368
37382
37386
37402
37414
37418
37452
37472
37520
37564
37577
37593
37596
37607
37612
37646
37654
37687
37706
37714
37716
37725
37734
37755
37771
37781
37793
37810
37825
37826
37833
37843
37845
37864
37868
37876
37892
37896
37930
37945
37950
37956
37974
37996
38016
38036
38044
38046
38062
38070
38102
38110
38119
38121
38128
38153
38163
38184
38188
38212
38238
38279
38295
38301
38306
38315
38337
38346
38347
38357
38360
38369
38371
38388
38426
38427
38435
38451
38472
38484
38502
38508
38525
38533
38550
38552
38593
38629
38631
38635
38641
38647
38671
38674
38689
38721
38732
38752
38771
38777
38789
38793
38813
38825
38837
38874
38895
38902
38919
38947
38953
38978
38983
38992
39012
39078
39089
39095
39109
39161
39191
39240
39255
39257
39303
39305
39315
39319
39325
39349
39353
39366
39383
39404
39422
39445
39449
39474
39484
39495
39497
39516
39517
39526
39547
39568
39586
39619
39622
39638
39656
39657
39658
39666
39689
39705
39737
39746
39753
39764
39775
39781
39799
39811
39812
39843
39850
39865
39889
39976
39983
39989
40015
40016
40022
40024
40034
40042
40068
40081
40087
40104
40120
40140
40141
40142
40151
40167
40180
40196
40219
40232
40236
40238
40249
40254
40266
40276
40290
40295
40314
40319
40323
40332
40335
40359
40386
40393
40401
40402
40403
40411
40424
40462
40481
40490
40500
40537
40546
40558
40576
40586
40596
40610
40635
40641
40644
40645
40658
40676
40677
40702
40715
40721
40723
40762
40775
40778
40779
40787
40799
40813
40850
40852
40859
40918
40932
40941
40945
40946
40969
40982
41020
41025
41028
41064
41075
41085
41132
41143
41156
41158
41173
41188
41203
41204
41226
41227
41242
41264
41279
41291
41317
41319
41372
41375
41376
41378
41388
41401
41402
41410
41437
41466
41469
41487
41488
41497
41517
41535
41540
41542
41547
41580
41630
41634
41674
41675
41715
41720
41731
41734
41735
41737
41741
41744
41747
41807
41841
41855
41885
41893
41902
41930
41933
41934
41945
41946
41949
41993
42001
42019
42023
42024
42047
42066
42069
42100
42112
42114
42138
42165
42177
42183
42185
42207
42213
42230
42257
42264
42273
42278
42282
42289
42323
42341
42344
42345
42356
42360
42374
42395
42410
42419
42433
42436
42465
42476
42479
42493
42500
42507
42513
42518
42524
42541
42545
42568
42571
42578
42579
42590
42605
42662
42675
42690
42695
42706
42727
42744
42749
42756
42762
42769
42773
42808
42825
42839
42841
42848
42872
42884
42912
42916
42926
42967
42977
43057
43074
43077
43091
43092
43100
43103
43105
43115
43123
43130
43139
43150
43163
43186
43221
43257
43258
43282
43297
43319
43326
43340
43346
43357
43418
43426
43430
43431
43443
43446
43455
43477
43481
43494
43498
43499
43529
43544
43549
43552
43554
43568
43572
43573
43582
43590
43600
43602
43611
43649
43662
43667
43680
43703
43712
43719
43721
43728
43734
43741
43780
43789
43793
43806
43815
43820
43827
43829
43861
43870
43886
43897
43907
43911
43927
43943
43945
43979
43983
43993
44004
44014
44030
44049
44069
44070
44117
44149
44154
44176
44184
44203
44208
44214
44221
44223
44234
44239
44247
44250
44268
44289
44294
44304
44307
44312
44322
44353
44363
44391
44392
44413
44456
44477
44478
44480
44481
44510
44519
44538
44540
44546
44560
44566
44572
44578
44585
44594
44607
44610
44614
44622
44630
44638
44646
44663
44664
44669
44692
44696
44728
44730
44764
44774
44775
44776
44780
44781
44789
44803
44809
44833
44851
44881
44883
44893
44911
44918
44932
44938
44955
44959
44984
45004
45016
45017
45031
45049
45057
45063
45067
45070
45071
45085
45116
45125
45131
45139
45143
45149
45194
45198
45199
45213
45218
45219
45229
45230
45240
45258
45264
45291
45319
45324
45358
45391
45395
45440
45473
45487
45488
45508
45521
45534
45547
45548
45563
45601
45616
45627
45634
45699
45702
45705
45715
45724
45727
45746
45750
45762
45763
45764
45767
45776
45789
45819
45845
45857
45869
45879
45908
45916
45918
45929
45936
45941
45957
45972
45996
45998
45999
46004
46006
46026
46034
46048
46056
46060
46063
46074
46078
46082
46090
46098
46126
46135
46154
46166
46172
46189
46198
46217
46234
46244
46263
46264
46268
46284
46287
46291
46300
46331
46346
46348
46360
46375
46376
46403
46420
46422
46434
46450
46455
46457
46466
46481
46489
46504
46508
46516
46521
46525
46527
46528
46541
46555
46559
46573
46610
46614
46634
46654
46673
46674
46716
46740
46743
46761
46765
46772
46773
46777
46790
46804
46849
46855
46880
46891
46893
46894
46903
46904
46916
46920
46925
46933
46935
46942
46996
47017
47022
47031
47042
47067
47069
47073
47089
47090
47094
47117
47154
47161
47169
47175
47189
47203
47211
47213
47239
47244
47257
47265
47279
47309
47329
47330
47333
47335
47338
47361
47383
47420
47425
47447
47455
47459
47467
47496
47500
47503
47514
47540
47550
47555
47557
47561
47562
47579
47600
47618
47626
47634
47652
47665
47715
47758
47767
47773
47786
47798
47800
47830
47842
47852
47860
47861
47863
47867
47870
47881
47909
47928
47949
47996
48008
48016
48035
48044
48048
48075
48083
48085
48086
48093
48099
48116
48130
48137
48138
48143
48149
48160
48180
48187
48212
48227
48241
48248
48281
48291
48293
48305
48310
48343
48371
48372
48383
48386
48388
48406
48408
48411
48416
48423
48427
48451
48471
48492
48493
48500
48533
48534
48548
48565
48578
48591
48602
48620
48630
48633
48641
48675
48687
48708
48727
48743
48765
48769
48772
48796
48856
48871
48885
48914
48915
48932
48935
48937
49005
49008
49010
49019
49077
49121
49139
49156
49171
49174
49200
49240
49244
49254
49258
49274
49279
49285
49302
49308
49323
49345
49373
49374
49376
49378
49384
49392
49396
49414
49430
49463
49490
49497
49516
49524
49529
49539
49542
49558
49587
49616
49626
49634
49650
49681
49691
49695
49701
49704
49713
49718
49723
49726
49743
49747
49768
49769
49821
49857
49865
49869
49885
49892
49893
49904
49907
49909
49911
49913
49945
49956
49958
49969
49989
49993
49999
50001
50008
50011
50017
50023
50054
50055
50065
50066
50084
50087
50091
50109
50124
50132
50175
50180
50197
50214
50222
50224
50235
50242
50261
50281
50282
50284
50304
50307
50314
50318
50360
50368
50387
50400
50454
50455
50464
50486
50500
50502
50523
50529
50544
50548
50580
50583
50595
50597
50607
50621
50626
50627
50638
50648
50657
50659
50661
50671
50683
50685
50690
50691
50710
50729
50749
50794
50814
50818
50820
50821
50825
50863
50875
50884
50888
50898
50920
50972
50992
51006
51014
51029
51067
51083
51091
51122
51133
51138
51158
51168
51171
51179
51182
51202
51214
51223
51242
51252
51268
51288
51291
51298
51321
51339
51353
51358
51362
51375
51388
51419
51422
51426
51435
51438
51447
51453
51482
51503
51506
51511
51519
51524
51536
51542
51568
51586
51598
51606
51609
51618
51637
51642
51650
51666
51669
51688
51699
51702
51710
51714
51732
51744
51759
51786
51787
51800
51811
51813
51814
51831
51867
51873
51874
51881
51883
51890
51894
51906
51911
51924
51942
51991
52025
52061
52067
52082
52093
52100
52127
52130
52132
52146
52163
52180
52210
52221
52229
52263
52264
52271
52299
52306
52318
52324
52330
52352
52356
52367
52376
52390
52397
52400
52403
52407
52414
52432
52438
52454
52458
52475
52487
52498
52515
52534
52536
52537
52541
52551
52553
52586
52588
52620
52633
52656
52664
52704
52706
52737
52739
52773
52789
52802
52815
52816
52833
52856
52905
52915
52932
52937
52947
52962
52978
53005
53007
53016
53054
53064
53088
53100
53101
53129
53155
53162
53163
53166
53205
53208
53257
53264
53311
53312
53330
53337
53349
53358
53360
53369
53371
53379
53380
53384
53387
53393
53396
53407
53415
53419
53430
53433
53444
53473
53483
53501
53522
53540
53552
53566
53588
53599
53600
53648
53655
53683
53688
53707
53717
53748
53754
53784
53816
53831
53833
53835
53836
53851
53888
53889
53896
53926
53942
53952
53961
53962
53981
53984
53997
54002
54021
54022
54040
54137
54142
54144
54146
54171
54172
54188
54203
54224
54245
54250
54298
54304
54305
54314
54316
54330
54335
54341
54359
54371
54415
54421
54442
54462
54475
54478
54485
54496
54497
54510
54536
54559
54560
54566
54567
54610
54621
54648
54650
54651
54667
54710
54726
54728
54766
54767
54771
54781
54813
54825
54834
54849
54878
54881
54889
54891
54904
54919
54920
54923
54926
54927
54932
54949
54995
55025
55029
55030
55036
55059
55064
55077
55093
55097
55141
55170
55171
55180
55187
55192
55195
55206
55207
55219
55244
55246
55249
55272
55274
55297
55317
55342
55355
55356
55397
55405
55408
55416
55453
55460
55464
55491
55546
55553
55565
55574
55592
55606
55615
55626
55632
55637
55645
55677
55686
55691
55696
55727
55750
55756
55758
55794
55799
55827
55843
55867
55870
55879
55901
55940
55961
55980
56018
56031
56048
56056
56057
56076
56082
56089
56092
56093
56108
56110
56119
56125
56136
56192
56196
56203
56210
56212
56271
56300
56308
56311
56368
56369
56370
56377
56382
56384
56391
56395
56401
56403
56433
56435
56436
56459
56463
56467
56485
56506
56513
56526
56575
56581
56611
56639
56652
56653
56660
56673
56677
56690
56697
56700
56742
56748
56754
56787
56790
56844
56849
56864
56888
56893
56907
56922
56923
56924
56930
56952
56961
56971
56973
56978
57011
57023
57043
57054
57057
57093
57104
57115
57145
57190
57197
57211
57234
57249
57253
57256
57270
57271
57282
57287
57299
57331
57333
57344
57345
57376
57380
57398
57427
57432
57436
57460
57464
57482
57540
57541
57544
57547
57553
57566
57567
57570
57572
57573
57576
57590
57615
57630
57659
57661
57710
57717
57739
57748
57761
57777
57780
57790
57800
57811
57818
57827
57850
57910
57911
57937
57939
57949
57951
57962
57970
57977
57994
58011
58021
58052
58073
58092
58107
58114
58116
58124
58138
58141
58147
58157
58161
58162
58168
58172
58180
58185
58191
58208
58228
58252
58255
58261
58263
58269
58272
58285
58289
58294
58316
58324
58335
58340
58402
58457
58463
58464
58480
58483
58486
58490
58500
58507
58514
58535
58543
58550
58551
58586
58597
58609
58619
58642
58646
58660
58674
58675
58689
58751
58754
58757
58788
58791
58792
58818
58837
58840
58846
58848
58859
58883
58889
58910
58916
58922
58924
58938
58960
58968
58976
58980
58981
58987
58990
59025
59044
59096
59124
59135
59168
59172
59184
59194
59196
59200
59222
59242
59256
59271
59291
59302
59320
59325
59333
59345
59347
59382
59404
59411
59419
59426
59434
59440
59441
59462
59464
59465
59535
59550
59553
59564
59593
59598
59639
59662
59667
59673
59676
59709
59723
59736
59781
59793
59813
59816
59838
59840
59862
59910
59923
59928
59941
59955
59959
59967
59975
59978
59985
60005
60007
60010
60012
60049
60064
60101
60118
60160
60175
60245
60262
60277
60284
60287
60297
60303
60322
60329
60336
60341
60350
60364
60399
60402
60412
60429
60432
60470
60484
60487
60490
60491
60494
60507
60514
60534
60561
60573
60576
60588
60622
60623
60627
60630
60633
60650
60652
60654
60714
60735
60737
60817
60847
60857
60862
60865
60876
60884
60894
60941
60953
60961
60970
60978
60979
60980
60991
60999
61000
61005
61021
61029
61050
61086
61088
61097
61100
61114
61132
61137
61138
61155
61156
61176
61183
61184
61198
61221
61239
61272
61302
61333
61340
61341
61349
61365
61371
61377
61388
61394
61406
61410
61417
61418
61420
61438
61487
61489
61493
61520
61557
61559
61562
61580
61605
61610
61612
61675
61683
61694
61696
61755
61763
61764
61775
61790
61799
61814
61819
61844
61883
61884
61886
61905
61916
61920
61939
61946
61961
62010
62014
62032
62047
62053
62079
62084
62099
62115
62131
62138
62160
62162
62166
62177
62202
62233
62256
62273
62285
62287
62309
62352
62367
62392
62405
62409
62413
62424
62436
62440
62445
62481
62483
62485
62491
62499
62502
62521
62542
62552
62560
62590
62603
62626
62637
62641
62673
62737
62760
62764
62773
62804
62805
62808
62813
62818
62835
62841
62850
62853
62858
62872
62887
62915
62920
62929
62950
62959
62976
62993
62994
62995
63017
63063
63081
63083
63097
63105
63115
63129
63135
63152
63176
63181
63182
63200
63202
63212
63214
63219
63279
63281
63287
63288
63296
63303
63320
63332
63340
63350
63409
63424
63430
63434
63440
63452
63456
63464
63468
63480
63500
63511
63545
63548
63554
63559
63571
63579
63582
63618
63642
63650
63681
63682
63690
63692
63695
63697
63709
63724
63749
63785
63786
63793
63823
63826
63848
63856
63879
63896
63902
63924
63936
63937
63983
63984
64016
64028
64030
64054
64064
64070
64089
64091
64122
64123
64134
64143
64154
64160
64178
64179
64192
64211
64247
64248
64255
64274
64325
64334
64337
64352
64420
64433
64459
64464
64465
64469
64477
64504
64505
64511
64514
64571
64573
64586
64593
64604
64605
64618
64629
64638
64697
64719
64729
64745
64757
64758
64794
64796
64833
64860
64863
64868
64870
64875
64880
64885
64898
64913
64939
64952
64959
64975
64977
65002
65008
65016
65022
65038
65062
65066
65072
65088
65091
65092
65109
65118
65151
65156
65163
65211
65217
65261
65279
65287
65288
65296
65306
65326
65329
65339
65346
65363
65375
65376
65387
65428
65449
65473
65476
65477
65483
65491
65492
65501
65511
65527
65535
65540
65555
65557
65576
65578
65580
65596
65614
65618
65627
65629
65655
65658
65679
65693
65701
65725
65729
65745
65761
65764
65766
65778
65798
65806
65809
65849
65852
65858
65866
65871
65879
65885
65893
65895
65898
65920
65923
65927
65954
65973
65999
66031
66067
66069
66072
66098
66103
66113
66137
66166
66167
66188
66197
66212
66233
66238
66239
66244
66253
66261
66269
66288
66295
66302
66307
66341
66353
66360
66370
66411
66415
66427
66443
66497
66506
66507
66544
66565
66571
66580
66592
66604
66607
66633
66644
66647
66665
66684
66695
66705
66706
66724
66742
66762
66775
66782
66811
66835
66858
66859
66861
66866
66910
66911
66924
66933
66944
66945
66955
66959
66976
67018
67033
67042
67079
67087
67138
67145
67148
67149
67167
67172
67190
67216
67241
67265
67295
67301
67302
67309
67327
67331
67339
67348
67379
67405
67426
67444
67446
67481
67488
67497
67504
67513
67516
67558
67559
67592
67599
67619
67625
67646
67649
67650
67653
67659
67660
67691
67710
67712
67719
67730
67737
67738
67750
67755
67760
67772
67782
67783
67788
67798
67805
67815
67823
67854
67861
67865
67867
67869
67883
67911
67912
67922
67940
67949
67964
67972
67980
67983
68043
68081
68126
68164
68217
68243
68255
68267
68279
68305
68306
68323
68344
68353
68369
68377
68448
68451
68453
68473
68511
68542
68547
68565
68580
68588
68592
68603
68610
68664
68677
68728
68734
68774
68780
68820
68821
68845
68858
68877
68878
68884
68890
68907
68913
68924
68931
68936
68939
68954
68960
68966
68967
68980
68991
69019
69075
69115
69119
69161
69171
69172
69189
69192
69200
69206
69227
69234
69245
69248
69263
69274
69321
69326
69355
69361
69381
69395
69398
69414
69416
69420
69421
69435
69445
69451
69458
69464
69476
69482
69498
69508
69518
69519
69542
69569
69586
69606
69618
69628
69650
69656
69675
69677
69678
69738
69741
69745
69748
69750
69755
69767
69771
69779
69793
69807
69826
69833
69842
69848
69864
69890
69909
69910
69927
69971
69977
69993
70004
70015
70022
70030
70032
70049
70069
70071
70091
70096
70099
70107
70143
70220
70225
70248
70280
70298
70300
70301
70317
70323
70352
70359
70375
70392
70431
70447
70475
70487
70494
70511
70518
70530
70537
70539
70568
70577
70594
70639
70660
70688
70721
70756
70757
70797
70798
70807
70831
70843
70855
70885
70933
70943
70947
70950
70956
70960
70962
70967
70983
70998
71012
71015
71034
71046
71056
71058
71066
71105
71123
71126
71132
71161
71187
71195
71226
71239
71250
71256
71265
71291
71334
71374
71389
71405
71411
71453
71487
71498
71499
71517
71523
71524
71543
71563
71572
71611
71617
71621
71631
71636
71644
71648
71662
71673
71678
71685
71694
71699
71720
71731
71743
71745
71768
71784
71793
71828
71831
71833
71864
71891
71895
71898
71914
71936
71962
71964
71967
71992
72005
72011
72018
72028
72072
72081
72087
72096
72112
72130
72153
72154
72174
72175
72194
72200
72207
72209
72215
72243
72262
72301
72302
72349
72355
72356
72392
72397
72402
72405
72453
72472
72475
72500
72520
72566
72567
72583
72586
72590
72605
72615
72641
72651
72683
72689
72691
72692
72699
72716
72724
72730
72732
72747
72749
72761
72771
72789
72825
72851
72876
72880
72886
72897
72899
72911
72920
72921
72936
72938
72940
72947
72971
72994
73004
73013
73039
73046
73083
73084
73141
73149
73177
73192
73202
73233
73242
73248
73255
73287
73302
73322
73324
73380
73387
73388
73405
73407
73448
73499
73529
73539
73549
73561
73566
73585
73594
73615
73618
73619
73637
73655
73666
73670
73681
73683
73698
73727
73758
73760
73787
73794
73803
73809
73823
73829
73838
73851
73864
73897
73899
73907
73910
73925
73949
73952
73961
73985
73990
74046
74071
74079
74085
74111
74113
74139
74147
74154
74163
74164
74213
74229
74236
74272
74273
74274
74275
74301
74316
74321
74341
74351
74353
74373
74376
74397
74426
74438
74465
74470
74477
74483
74490
74505
74524
74531
74535
74550
74557
74560
74594
74601
74606
74620
74622
74623
74632
74637
74679
74680
74701
74706
74710
74740
74759
74770
74771
74807
74808
74820
74831
74839
74868
74881
74884
74890
74903
74906
74937
74966
74975
74982
74983
74991
75024
75028
75045
75076
75089
75102
75106
75108
75176
75178
75192
75193
75217
75218
75241
75265
75269
75300
75308
75336
75348
75388
75402
75416
75430
75431
75434
75437
75457
75460
75498
75507
75529
75532
75577
75579
75583
75600
75621
75654
75659
75672
75678
75703
75710
75729
75766
75794
75817
75818
75821
75823
75826
75840
75859
75872
75883
75884
75905
75906
75916
75934
75937
75938
75949
75954
75955
75960
75965
75979
75983
75995
76004
76009
76018
76026
76068
76097
76102
76127
76130
76133
76145
76184
76194
76202
76216
76238
76249
76262
76284
76286
76315
76334
76347
76363
76366
76375
76399
76404
76436
76441
76461
76526
76541
76571
76591
76593
76598
76603
76613
76619
76674
76689
76700
76701
76729
76733
76743
76757
76801
76802
76829
76844
76861
76864
76867
76873
76887
76905
76917
76931
76932
76956
76957
76960
76961
76976
76980
77003
77004
77027
77041
77072
77079
77091
77098
77124
77146
77152
77156
77167
77169
77174
77186
77216
77224
77235
77248
77308
77313
77317
77344
77381
77394
77409
77428
77515
77527
77539
77541
77547
77557
77559
77560
77568
77569
77573
77602
77635
77647
77650
77651
77653
77676
77689
77716
77718
77758
77780
77795
77799
77805
77834
77874
77875
77877
77896
77917
77970
78011
78032
78066
78080
78112
78129
78152
78189
78203
78217
78221
78253
78268
78318
78319
78348
78349
78354
78358
78381
78393
78425
78452
78480
78502
78528
78554
78557
78574
78613
78620
78625
78627
78629
78644
78653
78668
78669
78700
78734
78743
78744
78775
78781
78786
78809
78820
78843
78863
78874
78881
78888
78892
78897
78903
78934
78942
78958
78963
78975
78978
78992
79014
79017
79021
79026
79032
79039
79062
79087
79088
79119
79153
79160
79164
79177
79202
79232
79237
79246
79254
79261
79262
79268
79279
79283
79288
79295
79297
79307
79314
79320
79340
79361
79391
79396
79397
79418
79466
79485
79496
79504
79508
79514
79522
79539
79553
79586
79594
79625
79637
79639
79641
79654
79676
79678
79694
79705
79720
79732
79737
79745
79746
79748
79775
79779
79784
79788
79826
79833
79840
79845
79856
79871
79884
79897
79921
79934
79940
79957
79962
79970
79979
79980
80000
80025
80045
80058
80063
80067
80075
80076
80097
80117
80124
80146
80150
80165
80171
80179
80190
80199
80214
80224
80230
80238
80254
80257
80263
80322
80340
80347
80357
80363
80364
80392
80397
80401
80404
80435
80437
80441
80454
80468
80479
80514
80527
80537
80538
80539
80540
80551
80566
80569
80576
80582
80593
80609
80610
80611
80615
80618
80619
80626
80627
80650
80651
80668
80712
80739
80751
80761
80782
80783
80786
80802
80807
80836
80852
80865
80867
80876
80877
80886
80924
80939
80942
80950
80952
80955
80972
80974
80977
80981
81029
81039
81086
81101
81119
81134
81153
81156
81193
81201
81207
81220
81227
81243
81252
81254
81271
81275
81279
81286
81301
81312
81321
81351
81359
81363
81374
81376
81407
81411
81433
81441
81446
81482
81487
81502
81509
81515
81537
81540
81548
81559
81561
81562
81566
81575
81580
81581
81589
81603
81631
81657
81670
81671
81672
81673
81687
81688
81690
81699
81711
81720
81730
81734
81743
81774
81786
81797
81807
81818
81836
81839
81859
81862
81876
81908
81938
81946
81961
81985
82004
82035
82040
82064
82101
82118
82119
82152
82161
82170
82221
82222
82230
82254
82262
82266
82270
82294
82295
82296
82306
82308
82323
82327
82345
82350
82359
82368
82378
82380
82408
82448
82453
82461
82523
82546
82589
82599
82604
82629
82636
82644
82659
82664
82668
82679
82684
82694
82697
82705
82716
82753
82762
82771
82774
82784
82809
82823
82863
82867
82868
82873
82901
82904
82909
82915
82917
82919
82925
82929
82932
82951
82969
82992
83009
83034
83040
83051
83057
83066
83067
83070
83071
83075
83077
83082
83103
83107
83120
83122
83143
83145
83149
83165
83185
83202
83248
83259
83261
83280
83292
83304
83344
83362
83380
83388
83391
83409
83423
83430
83435
83444
83458
83459
83493
83494
83501
83558
83566
83568
83571
83575
83590
83598
83599
83628
83637
83645
83687
83721
83723
83724
83745
83752
83758
83765
83767
83783
83792
83829
83838
83839
83865
83871
83890
83926
83997
84028
84033
84038
84045
84092
84098
84101
84107
84118
84127
84140
84152
84164
84165
84216
84232
84250
84251
84255
84256
84258
84276
84281
84282
84286
84293
84313
84325
84330
84332
84345
84382
84409
84415
84417
84459
84482
84500
84520
84524
84551
84560
84568
84577
84589
84601
84608
84624
84634
84636
84638
84642
84646
84651
84652
84661
84664
84704
84709
84718
84731
84758
84802
84815
84817
84828
84837
84858
84860
84868
84879
84886
84899
84922
84938
84953
84977
85007
85067
85077
85081
85099
85141
85151
85168
85187
85216
85231
85232
85244
85250
85263
85270
85315
85324
85338
85353
85374
85388
85403
85416
85423
85428
85435
85437
85454
85463
85489
85515
85523
85548
85587
85593
85615
85622
85636
85643
85659
85668
85681
85700
85702
85720
85764
85775
85789
85798
85835
85882
85887
85898
85900
85901
85940
85941
85963
85969
85986
85993
85994
86003
86019
86038
86117
86155
86194
86215
86224
86228
86238
86266
86278
86279
86289
86300
86325
86334
86344
86347
86348
86353
86358
86374
86383
86433
86437
86443
86444
86451
86461
86484
86535
86537
86541
86543
86580
86582
86599
86611
86621
86632
86635
86638
86648
86665
86675
86680
86683
86704
86725
86757
86765
86766
86779
86823
86831
86835
86851
86859
86867
86868
86870
86897
86898
86906
86909
86924
86929
86965
86985
87010
87016
87041
87065
87066
87069
87074
87075
87090
87097
87106
87123
87128
87167
87179
87215
87225
87234
87238
87265
87305
87334
87351
87357
87419
87420
87428
87432
87457
87458
87476
87477
87484
87517
87542
87544
87547
87559
87564
87568
87570
87590
87610
87612
87624
87638
87641
87660
87667
87678
87686
87705
87731
87736
87763
87770
87782
87798
87799
87855
87861
87862
87866
87895
87898
87900
87920
87926
87932
87949
87965
87971
88006
88040
88085
88094
88102
88144
88210
88215
88229
88236
88238
88257
88275
88292
88294
88308
88326
88331
88344
88352
88370
88374
88379
88382
88385
88395
88425
88428
88442
88449
88465
88476
88504
88509
88515
88530
88556
88561
88567
88575
88583
88585
88591
88603
88629
88634
88648
88666
88691
88695
88698
88715
88737
88742
88758
88761
88777
88779
88788
88818
88839
88841
88843
88853
88880
88890
88909
88910
88919
88922
88925
88931
88952
88966
88979
88987
89000
89007
89012
89016
89036
89045
89060
89061
89072
89084
89086
89097
89104
89108
89110
89121
89145
89185
89208
89212
89225
89259
89273
89275
89296
89320
89337
89354
89376
89377
89390
89392
89412
89434
89441
89444
89452
89470
89476
89485
89487
89490
89501
89503
89506
89516
89519
89521
89546
89579
89589
89598
89599
89605
89610
89620
89632
89639
89642
89648
89662
89676
89677
89690
89706
89712
89727
89730
89751
89782
89803
89804
89829
89839
89843
89849
89867
89868
89877
89882
89886
89887
89907
89915
89916
89957
89958
89962
90005
90011
90012
90015
90027
90029
90032
90048
90096
90143
90146
90169
90189
90193
90196
90241
90249
90285
90286
90289
90296
90317
90323
90343
90354
90361
90364
90374
90379
90426
90433
90438
90448
90449
90455
90466
90467
90472
90497
90515
90521
90529
90538
90556
90584
90590
90611
90643
90650
90663
90665
90670
90677
90678
90701
90711
90760
90761
90775
90813
90838
90854
90886
90890
90895
90901
90918
90925
90935
90939
91001
91003
91014
91027
91029
91040
91045
91048
91049
91053
91054
91055
91077
91084
91102
91103
91113
91122
91145
91153
91205
91213
91219
91231
91235
91250
91259
91288
91289
91322
91324
91327
91338
91347
91364
91366
91393
91397
91405
91407
91412
91420
91421
91425
91436
91475
91476
91527
91536
91560
91601
91629
91635
91650
91656
91664
91666
91680
91694
91712
91735
91750
91764
91783
91788
91807
91814
91816
91846
91853
91860
91874
91883
91889
91902
91903
91933
91935
91949
91957
91958
92015
92022
92045
92050
92059
92070
92084
92085
92086
92130
92148
92150
92153
92163
92170
92204
92207
92231
92233
92250
92255
92297
92298
92308
92311
92324
92327
92344
92345
92371
92379
92382
92406
92417
92433
92434
92471
92488
92504
92509
92518
92522
92529
92531
92543
92553
92561
92578
92589
92604
92612
92619
92630
92636
92639
92641
92692
92708
92711
92716
92718
92726
92727
92731
92746
92747
92753
92772
92796
92799
92800
92838
92839
92842
92861
92875
92900
92914
92917
92922
92923
92945
92958
92970
92982
92992
93003
93005
93018
93033
93038
93039
93042
93070
93090
93102
93119
93140
93146
93194
93197
93213
93215
93247
93252
93262
93283
93296
93310
93316
93321
93355
93371
93380
93410
93412
93427
93443
93453
93463
93477
93503
93527
93595
93598
93606
93657
93660
93662
93676
93678
93699
93702
93778
93783
93794
93817
93820
93836
93838
93840
93844
93847
93856
93876
93885
93893
93910
93912
93939
93950
93952
93957
93961
93969
93970
93985
93992
94011
94021
94023
94050
94086
94088
94098
94116
94129
94177
94217
94230
94250
94268
94306
94315
94338
94368
94371
94375
94381
94388
94427
94428
94441
94446
94458
94475
94479
94488
94504
94512
94516
94527
94589
94591
94592
94594
94622
94637
94640
94649
94652
94660
94687
94689
94727
94746
94781
94793
94795
94799
94800
94822
94830
94844
94846
94852
94860
94868
94911
94926
94929
94930
94942
94949
94963
94965
94967
94972
95006
95028
95055
95066
95090
95096
95137
95141
95143
95144
95158
95175
95177
95185
95186
95196
95273
95285
95286
95304
95313
95315
95320
95343
95353
95365
95369
95393
95401
95411
95422
95431
95441
95462
95465
95475
95532
95586
95603
95604
95610
95645
95666
95671
95676
95694
95710
95719
95741
95806
95813
95817
95826
95871
95898
95899
95924
95926
95939
95945
95952
95965
95975
95994
96005
96039
96055
96096
96101
96103
96125
96147
96167
96180
96189
96190
96231
96236
96253
96257
96296
96297
96321
96322
96324
96348
96358
96376
96405
96425
96426
96435
96487
96511
96515
96522
96532
96555
96558
96572
96582
96585
96592
96600
96613
96631
96661
96671
96685
96709
96710
96719
96722
96723
96745
96747
96751
96762
96791
96816
96826
96833
96859
96865
96866
96882
96900
96907
96909
96942
96973
96982
96988
97001
97010
97014
97019
97042
97056
97070
97077
97088
97109
97111
97123
97136
97139
97149
97159
97162
97175
97178
97222
97241
97246
97290
97315
97321
97356
97379
97380
97381
97393
97408
97421
97447
97471
97472
97480
97521
97523
97528
97533
97580
97584
97587
97632
97635
97643
97692
97693
97709
97754
97755
97767
97788
97795
97811
97831
97865
97903
97909
97947
97959
98000
98044
98092
98124
98125
98154
98177
98190
98202
98231
98239
98252
98254
98260
98264
98267
98280
98308
98312
98317
98328
98340
98362
98423
98426
98433
98467
98471
98483
98492
98496
98501
98502
98558
98569
98599
98695
98706
98715
98751
98754
98755
98758
98762
98766
98784
98822
98848
98862
98865
98869
98905
98962
98978
98981
98993
99000
99003
99012
99030
99038
99055
99102
99113
99124
99126
99129
99130
99144
99161
99162
99193
99194
99201
99202
99222
99252
99253
99265
99273
99303
99314
99325
99338
99340
99358
99369
99385
99407
99408
99426
99451
99453
99460
99463
99492
99533
99547
99550
99583
99612
99619
99641
99645
99674
99712
99753
99786
99852
99900
99919
99924
99927
99950
99957
99975
99989
